using System;
using System.Collections.Generic;


namespace DijkstraProject
{
    internal class Program
    {

        static void Main(string[] args)
        {
            //Şehirler listesi
            string[] provinces ={
            "Adana",
            "Adıyaman",
            "Afyon",
            "Ağrı",
            "Amasya",
            "Ankara",
            "Antalya",
            "Artvin",
            "Aydın",
            "Balıkesir",
            "Bilecik",
            "Bingöl",
            "Bitlis",
            "Bolu",
            "Burdur",
            "Bursa",
            "Çanakkale",
            "Çankırı",
            "Çorum",
            "Denizli",
            "Diyarbakır",
            "Edirne",
            "Elazığ",
            "Erzincan",
            "Erzurum",
            "Eskişehir",
            "Gaziantep",
            "Giresun",
            "Gümüşhane",
            "Hakkari",
            "Hatay",
            "Isparta",
            "İçel",
            "İstanbul",
            "İzmir",
            "Kars",
            "Kastamonu",
            "Kayseri",
            "Kırklareli",
            "Kırşehir",
            "Kocaeli",
            "Konya",
            "Kütahya",
            "Malatya",
            "Manisa",
            "Kahramanmaraş",
            "Mardin",
            "Muğla",
            "Muş",
            "Nevşehir",
            "Niğde",
            "Ordu",
            "Rize",
            "Sakarya",
            "Samsun",
            "Siirt",
            "Sinop",
            "Sivas",
            "Tekirdağ",
            "Tokat",
            "Trabzon",
            "Tunceli",
            "Şanlıurfa",
            "Uşak",
            "Van",
            "Yozgat",
            "Zonguldak",
            "Aksaray",
            "Bayburt",
            "Karaman",
            "Kırıkkale",
            "Batman",
            "Şırnak",
            "Bartın",
            "Ardahan",
            "Iğdır",
            "Yalova",
            "Karabük",
            "Kilis",
            "Osmaniye",
            "Düzce"

    };
            //şehirlerin birbirine uzaklığı üçgen jagged array
            int[][] triangleDistanceMatrix = new int[81][]
            {

            new int[] {0},
            new int[] {339, 0},
            new int[] {578, 917, 0},
            new int[] {980, 647, 1320, 0},
            new int[] {602, 625, 595, 740, 0},
            new int[] {491, 732, 255, 1055, 330, 0},
            new int[] {546, 885, 287, 1424, 822, 542, 0},
            new int[] {1003, 715, 1224, 364, 679, 960, 1430, 0},
            new int[] {880, 1219, 340, 1634, 934, 595, 345, 1564, 0},
            new int[] {902, 1241, 324, 1579, 845, 536, 505, 1454, 291, 0},
            new int[] {785, 1032, 207, 1361, 626, 314, 472, 1236, 525, 257, 0},
            new int[] {633, 347, 1096, 359, 641, 887, 1188, 371, 1398, 1410, 1187, 0},
            new int[] {743, 410, 1287, 237, 832, 1078, 1289, 545, 1589, 1601, 1378, 192, 0},
            new int[] {688, 920, 417, 1146, 411, 190, 682, 1021, 735, 434, 215, 1075, 1266, 0},
            new int[] {647, 986, 166, 1401, 760, 421, 121, 1390, 286, 393, 351, 1165, 1356, 561, 0},
            new int[] {856, 1104, 278, 1418, 683, 385, 543, 1293, 441, 152, 95, 1259, 1450, 272, 422, 0},
            new int[] {1093, 1383, 515, 1697, 962, 665, 693, 1572, 448, 192, 374, 1538, 1729, 551, 586, 270, 0},
            new int[] {590, 762, 398, 985, 245, 131, 685, 881, 737, 666, 447, 918, 1109, 233, 563, 504, 784, 0},
            new int[] {582, 697, 504, 830, 91, 240, 732, 720, 844, 785, 563, 759, 950, 348, 670, 634, 914, 155, 0},
            new int[] {761, 1100, 221, 1515, 816, 476, 226, 1445, 124, 285, 406, 1279, 1470, 616, 167, 435, 473, 619, 725, 0},
            new int[] {539, 206, 1108, 441, 703, 898, 1085, 509, 1409, 1421, 1199, 141, 204, 1086, 1176, 1270, 1550, 929, 770, 1290, 0},
            new int[] {1183, 1414, 682, 1641, 906, 685, 922, 1516, 667, 419, 480, 1570, 1761, 495, 826, 428, 231, 727, 843, 702, 1581, 0},
            new int[] {496, 283, 959, 499, 535, 749, 1051, 511, 1260, 1272, 1050, 141, 332, 937, 1027, 1121, 1401, 780, 602, 1141, 152, 1432, 0},
            new int[] {676, 546, 955, 370, 375, 690, 1059, 376, 1269, 1214, 996, 272, 463, 781, 1036, 1053, 1332, 620, 465, 1150, 407, 1276, 267, 0},
            new int[] {809, 521, 1140, 182, 560, 876, 1244, 194, 1454, 1400, 1181, 177, 351, 966, 1221, 1238, 1517, 806, 651, 1335, 315, 1461, 317, 191, 0},
            new int[] {690, 952, 140, 1298, 573, 233, 421, 1202, 474, 303, 80, 1107, 1298, 290, 300, 152, 431, 376, 482, 355, 1119, 555, 970, 933, 1118, 0},
            new int[] {218, 151, 796, 762, 576, 647, 764, 846, 1098, 1120, 948, 476, 525, 835, 865, 1020, 1299, 678, 613, 979, 321, 1330, 338, 602, 652, 868, 0},
            new int[] {720, 704, 867, 539, 322, 603, 1094, 357, 1207, 1098, 879, 537, 711, 664, 1033, 936, 1215, 524, 363, 1088, 675, 1159, 556, 295, 360, 845, 694, 0},
            new int[] {780, 677, 1027, 380, 436, 763, 1163, 312, 1367, 1257, 1039, 378, 552, 824, 1139, 1096, 1375, 684, 523, 1248, 516, 1319, 397, 136, 201, 1005, 754, 160, 0},
            new int[] {899, 642, 1477, 429, 1169, 1328, 1445, 755, 1778, 1801, 1628, 492, 324, 1516, 1546, 1700, 1979, 1359, 1249, 1659, 471, 2011, 631, 800, 612, 1548, 681, 969, 810, 0},
            new int[] {198, 316, 776, 956, 673, 689, 744, 980, 1077, 1100, 983, 610, 719, 886, 845, 1054, 1291, 776, 711, 959, 515, 1380, 472, 748, 786, 887, 194, 791, 851, 875, 0},
            new int[] {618, 957, 167, 1372, 723, 383, 131, 1352, 288, 395, 352, 1136, 1327, 563, 29, 423, 588, 525, 632, 169, 1148, 828, 999, 1007, 1193, 301, 836, 995, 1111, 1517, 816, 0},
            new int[] {70, 409, 571, 1050, 635, 485, 466, 1073, 811, 895, 778, 703, 813, 681, 574, 849, 1087, 583, 575, 692, 608, 1176, 565, 746, 879, 683, 288, 790, 849, 968, 268, 563, 0},
            new int[] {951, 1182, 450, 1409, 674, 453, 715, 1284, 681, 393, 248, 1338, 1529, 263, 594, 244, 314, 495, 611, 649, 1349, 232, 1200, 1044, 1229, 323, 1098, 927, 1087, 1779, 1148, 595, 944, 0},
            new int[] {905, 1244, 327, 1647, 922, 582, 447, 1551, 128, 175, 430, 1423, 1614, 607, 388, 325, 327, 725, 831, 226, 1435, 546, 1286, 1282, 1467, 412, 1123, 1194, 1354, 1804, 1103, 390, 898, 566, 0},
            new int[] {1014, 726, 1342, 214, 762, 1078, 1447, 203, 1656, 1602, 1383, 382, 452, 1168, 1424, 1440, 1719, 1008, 853, 1537, 520, 1663, 522, 393, 205, 1320, 857, 562, 403, 554, 991, 1395, 1084, 1431, 1669, 0},
            new int[] {695, 868, 503, 990, 255, 237, 790, 846, 843, 680, 462, 892, 1082, 247, 669, 518, 798, 106, 192, 724, 957, 741, 789, 625, 810, 481, 784, 489, 649, 1419, 881, 631, 689, 509, 830, 1012, 0},
            new int[] {335, 414, 523, 816, 341, 315, 615, 822, 824, 847, 616, 569, 760, 504, 592, 688, 967, 346, 281, 706, 581, 998, 432, 451, 636, 536, 330, 494, 554, 1010, 428, 563, 328, 766, 850, 838, 452, 0},
            new int[] {1159, 1391, 659, 1617, 883, 662, 924, 1492, 684, 436, 457, 1546, 1737, 471, 803, 445, 248, 704, 820, 719, 1558, 70, 1409, 1252, 1438, 532, 1307, 1135, 1295, 1987, 1357, 804, 1152, 209, 563, 1640, 718, 975, 0},
            new int[] {376, 549, 425, 940, 312, 183, 568, 941, 765, 706, 483, 704, 895, 371, 545, 555, 834, 214, 221, 646, 715, 866, 566, 575, 760, 403, 464, 584, 678, 1145, 562, 516, 369, 634, 752, 962, 319, 133, 842, 0},
            new int[] {840, 1072, 340, 1298, 563, 342, 605, 1173, 569, 280, 138, 1227, 1418, 152, 483, 131, 398, 385, 501, 539, 1239, 345, 1090, 933, 1118, 213, 988, 816, 976, 1668, 1038, 485, 833, 113, 453, 1321, 399, 656, 321, 523, 0},
            new int[] {357, 696, 226, 1111, 509, 259, 271, 1117, 527, 550, 433, 875, 1066, 455, 295, 504, 741, 354, 419, 409, 887, 908, 738, 746, 932, 337, 575, 781, 850, 1256, 555, 266, 350, 676, 553, 1134, 460, 302, 885, 255, 566, 0},
            new int[] {675, 1014, 97, 1377, 652, 312, 361, 1281, 414, 227, 110, 1193, 1384, 321, 240, 182, 419, 455, 561, 296, 1204, 586, 1055, 1012, 1197, 79, 893, 924, 1084, 1573, 873, 242, 668, 354, 334, 1399, 567, 619, 562, 482, 243, 323, 0},
            new int[] {399, 186, 861, 593, 457, 652, 953, 605, 1163, 1175, 953, 235, 426, 840, 930, 1024, 1304, 683, 524, 1044, 246, 1335, 97, 361, 411, 872, 241, 536, 491, 725, 375, 902, 468, 1103, 1189, 615, 711, 335, 1312, 469, 992, 641, 958, 0},
            new int[] {885, 1224, 307, 1627, 902, 562, 427, 1531, 152, 138, 393, 1403, 1594, 570, 368, 288, 328, 705, 811, 206, 1415, 556, 1266, 1262, 1447, 392, 1103, 1174, 1334, 1784, 1083, 370, 878, 529, 37, 1649, 810, 830, 572, 732, 417, 533, 314, 1169, 0},
            new int[] {199, 162, 781, 815, 500, 572, 746, 827, 1083, 1095, 873, 457, 572, 760, 850, 944, 1224, 603, 538, 964, 368, 1255, 319, 575, 633, 792, 78, 618, 678, 759, 176, 822, 269, 1023, 1109, 837, 708, 254, 1232, 389, 912, 560, 878, 222, 1089, 0},
            new int[] {551, 294, 1129, 518, 798, 980, 1097, 604, 1430, 1453, 1281, 236, 281, 1168, 1198, 1352, 1632, 1011, 865, 1312, 94, 1663, 247, 501, 410, 1200, 333, 770, 611, 376, 527, 1169, 620, 1431, 1456, 614, 1051, 663, 1640, 797, 1321, 908, 1225, 341, 1436, 411, 0},
            new int[] {855, 1194, 348, 1642, 943, 604, 309, 1572, 98, 389, 533, 1406, 1597, 743, 240, 539, 547, 746, 853, 150, 1418, 766, 1269, 1277, 1463, 482, 1073, 1215, 1375, 1754, 1053, 269, 775, 776, 226, 1665, 852, 833, 782, 773, 666, 536, 423, 1172, 251, 1055, 1406, 0},
            new int[] {743, 455, 1206, 246, 751, 996, 1298, 464, 1507, 1520, 1297, 111, 81, 1185, 1275, 1369, 1648, 1027, 869, 1389, 249, 1679, 251, 381, 270, 1217, 586, 630, 471, 381, 719, 1246, 813, 1447, 1533, 347, 1001, 679, 1656, 814, 1337, 985, 1302, 344, 1513, 566, 362, 1516, 0},
            new int[] {287, 497, 444, 888, 355, 275, 536, 894, 745, 768, 576, 652, 843, 463, 513, 648, 927, 306, 295, 627, 664, 958, 515, 523, 709, 496, 413, 567, 627, 1093, 485, 484, 280, 726, 771, 911, 412, 79, 935, 92, 616, 223, 540, 418, 751, 338, 746, 754, 762, 0},
            new int[] {207, 546, 461, 937, 435, 337, 541, 943, 762, 785, 635, 701, 892, 544, 530, 706, 976, 386, 375, 644, 713, 1039, 564, 572, 757, 555, 425, 616, 676, 1105, 405, 501, 200, 806, 788, 960, 492, 128, 1015, 173, 696, 240, 558, 467, 768, 386, 758, 771, 811, 80, 0},
            new int[] {707, 730, 823, 584, 278, 558, 1050, 402, 1162, 1053, 835, 582, 756, 620, 988, 891, 1171, 480, 319, 1044, 720, 1114, 601, 340, 405, 801, 681, 45, 205, 1014, 779, 951, 777, 882, 1150, 607, 445, 482, 1091, 540, 772, 737, 880, 562, 1130, 605, 815, 1171, 675, 614, 603, 0},
            new int[] {917, 770, 1076, 429, 531, 811, 1303, 148, 1415, 1306, 1088, 426, 600, 873, 1242, 1145, 1424, 733, 572, 1297, 564, 1368, 560, 299, 249, 1054, 891, 209, 164, 858, 989, 1204, 987, 1135, 1403, 344, 698, 692, 1344, 793, 1025, 990, 1133, 654, 1383, 816, 659, 1424, 519, 764, 813, 254, 0},
            new int[] {803, 1034, 302, 1261, 526, 305, 567, 1136, 620, 319, 100, 1190, 1381, 115, 446, 157, 436, 347, 463, 501, 1201, 380, 1052, 896, 1081, 176, 950, 779, 939, 1631, 1000, 448, 796, 148, 492, 1283, 361, 618, 357, 486, 37, 528, 206, 955, 455, 875, 1283, 629, 1299, 578, 659, 734, 988, 0},
            new int[] {753, 754, 676, 731, 131, 411, 903, 548, 1016, 906, 688, 718, 909, 473, 842, 745, 1024, 333, 172, 897, 832, 968, 664, 451, 551, 654, 705, 191, 351, 1160, 802, 804, 746, 736, 1003, 753, 298, 453, 944, 393, 625, 590, 733, 586, 983, 629, 927, 1024, 828, 467, 546, 147, 400, 588, 0},
            new int[] {717, 384, 1294, 333, 890, 1085, 1264, 641, 1596, 1608, 1386, 288, 96, 1273, 1363, 1457, 1737, 1116, 957, 1477, 187, 1768, 339, 558, 447, 1306, 499, 807, 648, 280, 694, 1335, 787, 1536, 1622, 547, 1144, 768, 1745, 902, 1426, 1074, 1391, 433, 1602, 547, 235, 1605, 177, 851, 900, 852, 696, 1388, 1019, 0},
            new int[] {865, 877, 673, 891, 254, 406, 960, 709, 1012, 858, 640, 859, 1050, 425, 838, 696, 976, 275, 260, 894, 956, 920, 788, 593, 712, 651, 828, 352, 512, 1321, 926, 800, 858, 687, 1000, 914, 179, 541, 896, 489, 577, 629, 745, 710, 980, 753, 1050, 1021, 969, 581, 661, 307, 561, 540, 161, 1143, 0},
            new int[] {428, 412, 706, 618, 221, 442, 811, 624, 1020, 987, 765, 479, 670, 630, 787, 836, 1116, 442, 287, 901, 490, 1125, 322, 253, 438, 684, 402, 296, 356, 969, 499, 759, 497, 892, 1033, 640, 474, 202, 1101, 326, 782, 498, 763, 244, 1013, 326, 585, 1029, 589, 275, 324, 307, 494, 745, 350, 677, 473, 0},
            new int[] {1081, 1313, 581, 1539, 805, 584, 846, 1414, 617, 369, 379, 1468, 1659, 394, 725, 379, 181, 626, 742, 652, 1480, 148, 1331, 1174, 1360, 454, 1229, 1057, 1217, 1909, 1279, 726, 1074, 131, 496, 1562, 640, 897, 124, 764, 243, 807, 484, 1234, 506, 1154, 1562, 716, 1578, 857, 937, 1013, 1266, 279, 866, 1667, 818, 1023, 0},
            new int[] {492, 515, 645, 674, 112, 380, 872, 616, 984, 926, 703, 582, 773, 521, 810, 775, 1054, 333, 178, 866, 594, 1016, 426, 309, 494, 623, 466, 259, 370, 1073, 564, 772, 562, 784, 972, 696, 365, 267, 992, 332, 673, 559, 702, 348, 952, 391, 688, 993, 692, 339, 388, 215, 468, 636, 241, 781, 364, 111, 914, 0},
            new int[] {838, 770, 997, 474, 452, 733, 1224, 227, 1337, 1228, 1009, 471, 646, 794, 1163, 1066, 1345, 654, 493, 1218, 610, 1289, 491, 229, 294, 975, 812, 130, 94, 903, 910, 1125, 908, 1057, 1324, 422, 619, 613, 1265, 714, 946, 911, 1054, 584, 1304, 737, 704, 1345, 564, 685, 734, 175, 79, 909, 321, 741, 482, 415, 1187, 389, 0},
            new int[] {632, 419, 1078, 418, 498, 813, 1182, 424, 1392, 1337, 1119, 145, 336, 904, 1159, 1176, 1455, 743, 589, 1273, 280, 1399, 140, 128, 239, 1056, 475, 418, 259, 635, 609, 1130, 702, 1167, 1405, 441, 748, 574, 1375, 698, 1056, 869, 1135, 233, 1385, 455, 374, 1400, 254, 646, 695, 463, 422, 1019, 575, 431, 716, 376, 1297, 432, 352, 0},
            new int[] {357, 111, 935, 618, 708, 786, 903, 686, 1236, 1259, 1087, 318, 381, 974, 1004, 1158, 1438, 817, 752, 1118, 177, 1469, 318, 573, 492, 1006, 139, 787, 703, 535, 333, 975, 426, 1237, 1262, 697, 922, 468, 1446, 603, 1126, 714, 1031, 269, 1242, 217, 188, 1212, 425, 552, 564, 813, 741, 1089, 837, 355, 960, 495, 1368, 598, 796, 445, 0},
            new int[] {690, 1029, 112, 1432, 707, 367, 290, 1336, 272, 224, 249, 1208, 1399, 459, 169, 320, 418, 510, 616, 153, 1219, 642, 1070, 1067, 1252, 217, 908, 979, 1139, 1589, 888, 170, 683, 492, 215, 1454, 615, 635, 658, 537, 381, 338, 138, 973, 195, 893, 1241, 280, 1318, 556, 573, 935, 1188, 344, 788, 1406, 785, 818, 592, 757, 1109, 1190, 1047, 0},
            new int[] {902, 569, 1422, 233, 972, 1212, 1448, 558, 1723, 1735, 1513, 327, 159, 1378, 1491, 1585, 1864, 1218, 1063, 1604, 363, 1873, 466, 603, 415, 1433, 684, 772, 613, 197, 878, 1462, 972, 1641, 1749, 357, 1223, 895, 1850, 1029, 1531, 1201, 1518, 560, 1729, 731, 440, 1732, 216, 978, 1027, 817, 661, 1493, 963, 255, 1124, 804, 1772, 908, 707, 470, 540, 1533, 0},
            new int[] {489, 613, 479, 841, 199, 214, 681, 828, 818, 760, 537, 699, 890, 402, 644, 609, 888, 245, 108, 700, 710, 897, 542, 476, 661, 457, 529, 471, 580, 1189, 626, 606, 482, 665, 806, 864, 299, 197, 874, 113, 555, 368, 536, 464, 786, 453, 805, 827, 809, 205, 286, 427, 680, 517, 280, 897, 368, 228, 796, 219, 601, 599, 667, 591, 1024, 0},
            new int[] {764, 996, 483, 1205, 471, 266, 748, 1058, 801, 500, 281, 1107, 1298, 158, 627, 338, 617, 292, 408, 682, 1162, 561, 1013, 840, 1026, 356, 912, 701, 861, 1635, 962, 629, 757, 329, 673, 1228, 214, 580, 538, 447, 218, 531, 387, 916, 636, 836, 1244, 810, 1217, 539, 620, 657, 910, 181, 510, 1349, 392, 690, 460, 581, 832, 964, 1050, 525, 1438, 478, 0},
            new int[] {268, 573, 368, 964, 420, 224, 460, 970, 669, 692, 522, 728, 919, 420, 437, 594, 873, 322, 330, 551, 740, 915, 591, 599, 785, 442, 486, 693, 703, 1166, 466, 408, 261, 683, 695, 987, 428, 155, 891, 108, 572, 147, 464, 494, 675, 414, 819, 678, 838, 76, 113, 648, 840, 535, 501, 927, 597, 351, 813, 415, 761, 722, 624, 480, 1054, 222, 496, 0},
            new int[] {801, 674, 1079, 304, 457, 815, 1183, 310, 1393, 1297, 1078, 302, 476, 863, 1160, 1135, 1414, 703, 548, 1274, 440, 1358, 395, 157, 125, 1057, 730, 235, 76, 734, 872, 1132, 870, 1126, 1406, 327, 724, 575, 1335, 699, 1015, 871, 1136, 489, 1386, 699, 535, 1402, 395, 648, 696, 280, 239, 978, 426, 572, 587, 377, 1257, 391, 169, 256, 617, 1191, 537, 600, 923, 724, 0},
            new int[] {292, 631, 339, 1112, 621, 370, 376, 1118, 641, 663, 546, 876, 1035, 566, 408, 617, 854, 465, 530, 522, 831, 1021, 739, 747, 933, 451, 510, 791, 851, 1191, 490, 379, 233, 789, 666, 1135, 571, 303, 998, 320, 679, 118, 436, 642, 646, 492, 843, 649, 986, 256, 175, 848, 988, 642, 702, 1010, 740, 499, 920, 563, 909, 870, 649, 451, 1202, 433, 642, 212, 872, 0},
            new int[] {485, 658, 338, 985, 260, 74, 562, 889, 678, 619, 397, 813, 1004, 262, 504, 468, 748, 104, 169, 559, 824, 757, 675, 620, 805, 316, 574, 532, 692, 1254, 671, 466, 479, 525, 665, 1007, 210, 242, 733, 109, 414, 249, 395, 578, 645, 498, 906, 687, 923, 201, 282, 488, 741, 377, 341, 1011, 379, 371, 655, 309, 662, 743, 712, 450, 1138, 143, 338, 218, 744, 361, 0},
            new int[] {630, 297, 1207, 370, 803, 998, 1176, 563, 1508, 1521, 1298, 195, 133, 1186, 1276, 1370, 1649, 1028, 870, 1390, 99, 1681, 252, 467, 369, 1218, 412, 729, 570, 363, 607, 1247, 700, 1448, 1534, 585, 1056, 680, 1657, 815, 1338, 986, 1304, 346, 1514, 460, 148, 1517, 214, 763, 812, 774, 618, 1301, 932, 87, 1055, 590, 1579, 693, 663, 340, 268, 1319, 292, 810, 1262, 839, 494, 922, 924, 0},
            new int[] {720, 464, 1298, 429, 996, 1150, 1267, 737, 1600, 1622, 1450, 384, 192, 1338, 1367, 1522, 1801, 1180, 1063, 1481, 293, 1833, 445, 654, 543, 1370, 502, 903, 744, 180, 697, 1339, 790, 1600, 1626, 643, 1286, 832, 1809, 967, 1490, 1078, 1395, 539, 1606, 580, 198, 1575, 273, 915, 927, 948, 792, 1453, 1125, 100, 1248, 783, 1731, 886, 837, 527, 357, 1410, 351, 1003, 1414, 988, 668, 1013, 1076, 183, 0},
            new int[] {783, 1014, 517, 1171, 436, 285, 804, 1026, 856, 588, 369, 1072, 1263, 176, 682, 426, 705, 278, 373, 738, 1138, 649, 970, 806, 991, 444, 930, 669, 829, 1600, 980, 645, 776, 417, 761, 1193, 181, 598, 625, 466, 306, 550, 475, 892, 724, 855, 1232, 865, 1182, 558, 638, 624, 877, 269, 478, 1325, 359, 655, 548, 546, 799, 929, 1069, 629, 1403, 497, 88, 515, 904, 661, 357, 1237, 1432, 0},
            new int[] {1039, 751, 1361, 305, 781, 1097, 1465, 117, 1675, 1564, 1345, 407, 484, 1130, 1442, 1402, 1681, 990, 829, 1556, 545, 1625, 546, 412, 230, 1339, 881, 466, 422, 641, 1015, 1414, 1109, 1393, 1688, 89, 955, 857, 1602, 981, 1282, 1153, 1418, 640, 1668, 862, 639, 1684, 403, 930, 978, 511, 257, 1245, 657, 580, 818, 659, 1524, 715, 336, 460, 721, 1473, 444, 882, 1168, 1006, 346, 1154, 1026, 599, 676, 1135, 0},
            new int[] {1078, 746, 1464, 144, 884, 1199, 1568, 336, 1777, 1723, 1505, 501, 336, 1290, 1545, 1561, 1841, 1129, 974, 1659, 540, 1785, 640, 514, 326, 1442, 860, 683, 524, 418, 1055, 1516, 1148, 1552, 1791, 135, 1134, 960, 1761, 1084, 1442, 1255, 1521, 734, 1771, 908, 616, 1786, 390, 1032, 1081, 728, 477, 1405, 875, 431, 1035, 762, 1683, 818, 556, 562, 716, 1576, 222, 985, 1349, 1108, 448, 1256, 1128, 469, 527, 1315, 222, 0},
            new int[] {905, 1137, 346, 1363, 628, 407, 610, 1238, 507, 218, 124, 1292, 1483, 217, 489, 69, 335, 450, 566, 501, 1304, 410, 1155, 998, 1184, 219, 1053, 881, 1041, 1733, 1103, 491, 898, 178, 391, 1386, 464, 721, 387, 588, 65, 572, 249, 1058, 354, 978, 1386, 605, 1402, 681, 761, 837, 1090, 103, 690, 1491, 642, 847, 309, 738, 1011, 1121, 1191, 387, 1596, 620, 284, 637, 1080, 685, 479, 1403, 1555, 371, 1347, 1507, 0},
            new int[] {714, 945, 448, 1106, 371, 216, 735, 958, 787, 567, 349, 1007, 1198, 134, 613, 405, 685, 192, 308, 669, 1073, 629, 905, 741, 926, 426, 861, 601, 761, 1535, 911, 576, 707, 396, 740, 1128, 113, 529, 605, 397, 286, 481, 454, 826, 704, 786, 1167, 796, 1117, 489, 570, 557, 810, 249, 410, 1260, 291, 590, 527, 481, 731, 864, 1000, 560, 1338, 428, 101, 446, 823, 592, 288, 1172, 1364, 86, 1067, 1250, 351, 0},
            new int[] {253, 210, 832, 817, 639, 711, 800, 885, 1133, 1156, 1011, 517, 580, 899, 901, 1083, 1362, 741, 676, 1014, 375, 1394, 402, 665, 691, 931, 63, 757, 817, 735, 146, 872, 323, 1161, 1159, 895, 847, 393, 1370, 528, 1051, 611, 928, 304, 1139, 141, 388, 1109, 624, 476, 460, 744, 954, 1014, 768, 554, 891, 465, 1292, 529, 875, 538, 193, 943, 739, 592, 975, 521, 793, 546, 637, 467, 557, 993, 920, 915, 1116, 925, 0},
            new int[] {91, 244, 669, 885, 602, 582, 637, 909, 970, 993, 876, 539, 648, 779, 738, 947, 1184, 681, 640, 852, 444, 1273, 401, 677, 715, 780, 123, 720, 780, 804, 127, 709, 161, 1041, 996, 919, 786, 356, 1250, 467, 931, 448, 766, 304, 976, 105, 456, 946, 648, 378, 298, 707, 917, 893, 731, 623, 855, 428, 1172, 492, 839, 537, 262, 781, 807, 555, 855, 359, 801, 383, 576, 535, 626, 873, 944, 984, 996, 804, 159, 0},
            new int[] {734, 966, 371, 1192, 458, 237, 636, 1067, 688, 387, 168, 1122, 1312, 47, 514, 225, 505, 279, 395, 570, 1133, 448, 984, 827, 1013, 244, 882, 710, 870, 1562, 932, 516, 727, 216, 560, 1215, 293, 550, 425, 417, 106, 501, 274, 887, 523, 807, 1215, 697, 1231, 510, 590, 666, 919, 68, 519, 1320, 471, 676, 347, 567, 840, 950, 1021, 412, 1425, 449, 113, 466, 910, 613, 308, 1232, 1384, 201, 1177, 1336, 171, 180, 945, 825, 0}};



            //üçgen jagged arrayı 81x81 kare arraya donusturme
            int[][] distanceMatrix = new int[81][];

            for (int i = 0; i < 81; i++)
            {
                distanceMatrix[i] = new int[81];
                for (int j = 0; j <= i; j++)
                {
                    distanceMatrix[i][j] = triangleDistanceMatrix[i][j];
                    distanceMatrix[j][i] = triangleDistanceMatrix[i][j];
                }
            }

            //rastgele 10 şehrin rastgele 10 şehre kuş uçuşu mesafesi
            Random random = new Random();
            for (int i = 0; i < 10; i++)
            {
                int firstProvince = random.Next(0, 81);//ilk rastegele al
                int secondProvince = random.Next(0, 81);//ikinci şehri rastgele al
                while (firstProvince == secondProvince)//şehrieler birbirinin aynısıysa birinci şehri birdaha seç
                {
                    firstProvince = random.Next(0, 81);
                }
                //output
                Console.WriteLine($"{provinces[firstProvince]} ({firstProvince + 1}) - {provinces[secondProvince]} ({secondProvince + 1}): {distanceMatrix[firstProvince][secondProvince]} km");

            }



            ////distanceMatrix debug
            //for (int i = 0; i < 81; i++)
            //{

            //    for (int j = 0; j < 81; j++)
            //    {
            //        Console.Write($"{distanceMatrix[i][j]} ");
            //    }
            //    Console.WriteLine("");
            //    Console.WriteLine("");
            //    Console.WriteLine("");

            //}



            // uzaklık matrisini kopyalama
            int[][] borderMatrix = Array.ConvertAll(distanceMatrix, row => (int[])row.Clone());







            //birbirelerine komşu illerin dictionary si
            Dictionary<int, List<int>> provinceWithNeigbour = new Dictionary<int, List<int>>()
        {
            { 1, new List<int>{ 33,31,80,46,38,51 } },
            { 2, new List<int>{ 44,46,27,63,21} },
            { 3, new List<int>{ 23,43,64,20,15,32,42,26} },
            { 4, new List<int>{ 36,76,65,49,25 } },
            { 5, new List<int>{ 55,60,66,19} },
            { 6, new List<int>{ 26,14,18,71,40,68,42 } },
            { 7, new List<int>{ 48,15,32,42,70,33} },
            { 8, new List<int>{ 53,25,75 } },
            { 9, new List<int>{ 35,45,20,48 } },
            { 10, new List<int>{ 17,35,45,43,16 } },
            { 11, new List<int>{ 43,16,54,14,26} },
            { 12, new List<int>{ 49,25,24,62,23,21} },
            { 13, new List<int>{ 49,72,56,65,4 } },
            { 14, new List<int>{ 54,81,67,78,18,6,26,11 } },
            { 15, new List<int>{ 20,3,32,7,48 } },
            { 16, new List<int>{ 77,11,43,10 } },
            { 17, new List<int>{ 22, 10, 59 } },
            { 18, new List<int>{ 78,37,19,71,6,14 } },
            { 19, new List<int>{ 18,37,57,55,5,66,71 } },
            { 20, new List<int>{ 9,45,64,3,15,48 } },
            { 21, new List<int>{ 23,12,49,72,47,63,2} },
            { 22, new List<int>{ 17,59,39 } },
            { 23, new List<int>{ 44,62,12,21 } },
            { 24, new List<int>{ 26,69,25,12,62,44,58 } },
            { 25, new List<int>{ 69,53,8,75,36,4,49,12,24 } },
            { 26, new List<int>{ 11,14,6,42,3,43 } },
            { 27, new List<int>{ 79,31,80,46,2,63 } },
            { 28, new List<int>{ 52,58,24,29,61} },
            { 29, new List<int>{ 28,61,69,24 } },
            { 30, new List<int>{ 65,73 } },
            { 31, new List<int>{ 27,80,1 } },
            { 32, new List<int>{ 3,42,7,15} },
            { 33, new List<int>{ 70,7,1 } },
            { 34, new List<int>{ 59,39,41} },
            { 35, new List<int>{ 10,45,9} },
            { 36, new List<int>{ 75,25,4,76} },
            { 37, new List<int>{ 74,78,18,19,57} },
            { 38, new List<int>{ 66,58,46,1,51,50 } },
            { 39, new List<int>{ 22,59,34 } },
            { 40, new List<int>{ 71, 50, 66,68,6 } },
            { 41, new List<int>{ 77, 34, 16 ,54} },
            { 42, new List<int>{ 70, 51,26,6,68,33,7,3} },
            { 43, new List<int>{ 10,16,11,26,3,64,45} },
            { 44, new List<int>{ 2,21,23,24,58,46 } },
            { 45, new List<int>{ 10,43,64,20,9,35} },
            { 46, new List<int>{ 2,44,58,38,1,80,27 } },
            { 47, new List<int>{ 47,63,21,72,56,73} },
            { 48, new List<int>{ 48,9,20,15,7 } },
            { 49, new List<int>{ 49,12,25,4,13,72,21 } },
            { 50, new List<int>{ 40,66,38,51,68 } },
            { 51, new List<int>{ 68,50,38,1,33,70 } },
            { 52, new List<int>{ 55,60,58,28} },
            { 53, new List<int>{ 61,69,25,8 } },
            { 54, new List<int>{ 54,41,11,14,81} },
            { 55, new List<int>{ 57,19,5,60,52 } },
            { 56, new List<int>{ 13,65,73,47,72 } },
            { 57, new List<int>{ 37,19,55 } },
            { 58, new List<int>{ 66,60,52,28,24,44,46,38} },
            { 59, new List<int>{ 22,39,34,17 } },
            { 60, new List<int>{ 5,55,58,66} },
            { 61, new List<int>{ 28,29,69,53 } },
            { 62, new List<int>{ 24,12,23,44 } },
            { 63, new List<int>{ 27,2,21,47 } },
            { 64, new List<int>{ 45,43,3,20 } },
            { 65, new List<int>{ 30,73,56,13,49,4 } },
            { 66, new List<int>{ 40,50,38,58,60,5,19,71 } },
            { 67, new List<int>{ 81,14,78,74 } },
            { 68, new List<int>{ 42,6,40,50,51 } },
            { 69, new List<int>{ 29,61,53,25,24 } },
            { 70, new List<int>{ 42,33,7 } },
            { 71, new List<int>{ 6,19,18,66,40 } },
            { 72, new List<int>{ 47,49,21,13,56 } },
            { 73, new List<int>{ 47,56,30,65 } },
            { 74, new List<int>{ 67,78,37} },
            { 75, new List<int>{ 8,25,36 } },
            { 76, new List<int>{ 36,4} },
            { 77, new List<int>{ 41,16} },
            { 78, new List<int>{ 14,67,74,37,18} },
            { 79, new List<int>{ 27} },
            { 80, new List<int>{ 1,46,27,31} },
            { 81, new List<int>{ 54,14,67} }
        };
            //birbirlerine komşu illerin uzaklığını,komşu olmayanların max.value verdiği kısım
            for (int i = 0; i < 81; i++)
            {
                for (int j = 0; j < 81; j++)
                {    // ilk indeksin dictionary sinde ikinci indis bulunuyorsa girer
                    if (i != j && (provinceWithNeigbour.ContainsKey(i + 1) && !provinceWithNeigbour[i + 1].Contains(j + 1)))
                    {
                        borderMatrix[i][j] = int.MaxValue;//komşu olmayan illere max value verir
                    }
                }
            }

            //BorderMatrix debug

            //for (int i = 0; i < 81; i++)
            //{

            //    for (int j = 0; j < 81; j++)
            //    {
            //        Console.Write($"{borderMatrix[i][j]} ");
            //    }
            //    Console.WriteLine("");
            //    Console.WriteLine("");
            //    Console.WriteLine("");

            //}




            //dijkstra algoritması
             int Dijkstra(int[][] graph, int source, int destination)
            {
                int n = graph.Length;
                int[] mesafe = new int[n];
                bool[] ziyaretEdilen = new bool[n];


                for (int i = 0; i < n; i++)
                {
                    mesafe[i] = int.MaxValue;//kaynak şehrin diğer şehirlere uzaklığını başlangıçta maximum değer veriyoruz
                    ziyaretEdilen[i] = false;//başlangıçta hiçbir şehri ziyaret etmedi olarak ayarlıyoruz
                }

                mesafe[source] = 0; //şehrin kendine uzaklığı 0 dır

                for (int count = 0; count < n; count++)
                {
                    int u = MinDistance(mesafe, ziyaretEdilen, n); //kaynak şehirden en kısa uzaklıktaki şehrin indeksini bulur
                    ziyaretEdilen[u] = true;

                    for (int v = 0; v < graph[u].Length; v++)
                    {
                        //ziyaret edilmemişse ve en yakın şehir ile indeksteki şehir komşu ise(max value değil) ve kaynak şehire en kısa mesafedeki şehir max value değilse ve kaynak şehre en yakın şehrin uzaklığı(u şehri) ile u şehrinden ineksteki şehirin uzaklığının toplamı kaynak şehrin indeksteki şehre uzaklığından küçük ise 
                        if (!ziyaretEdilen[v] && graph[u][v] != int.MaxValue && mesafe[u] != int.MaxValue && mesafe[u] + graph[u][v] < mesafe[v])//kısacası son kısım ile en kısa rotayı bulduruyoruz
                        {
                            mesafe[v] = mesafe[u] + graph[u][v];
                        }
                    }
                }

                return mesafe[destination];//kaynak şehirden gidilmek istenen şehre en kısa rotadan giden mesafeyi dönderir
            }

            //kaynak şehre en kısa mesafedeki şehrin indeksini dönderir
             int MinDistance(int[] distance, bool[] visited, int n)
            {
                int min = int.MaxValue, minIndex = -1;

                for (int v = 0; v < n; v++)
                {//ziyaret edilmemişse ve rota min değerden küçük veya eşitse
                    if (visited[v] == false && distance[v] <= min)
                    {
                        min = distance[v];
                        minIndex = v;
                    }
                }

                return minIndex;//kaynak şehrirden en kısa uzaklıktaki şehrin indeksini döndürür
            }
            //81 ilin 81 ile kuş uçuşu,karadan ve bunların farkını veren kısım
            for (int province1 = 0; province1 < 81; province1++)
            {

                for (int province2 = 0; province2 < 81; province2++)
                {
                    if (province1 != province2)
                    {
                        int minDistances = Dijkstra(borderMatrix, province1, province2);
                        int normalDistance = distanceMatrix[province1][province2];

                        int difference = normalDistance - minDistances;

                        Console.WriteLine($"{provinces[province1]} - {provinces[province2]}: Orijinal: {normalDistance} km, Hesaplanan: {minDistances} km, Fark: {difference}");
                    }
                }
            }

            //izmirin 30 ilçesi
            string[] district = new string[]
    {
            "ALİAĞA",
            "BALÇOVA",
            "BAYINDIR",
            "BAYRAKLI",
            "BERGAMA",
            "BEYDAĞ",
            "BORNOVA",
            "BUCA",
            "ÇEŞME",
            "ÇİĞLİ",
            "DİKİLİ",
            "FOÇA",
            "GAZİEMİR",
            "GÜZELBAHÇE",
            "KARABAĞLAR",
            "KARABURUN",
            "KARŞIYAKA",
            "KEMALPAŞA",
            "KINIK",
            "KİRAZ",
            "KONAK",
            "MENDERES",
            "MENEMEN",
            "MERKEZ",
            "NARLIDERE",
            "ÖDEMİŞ",
            "SEFERİHİSAR",
            "SELÇUK",
            "TİRE",
            "TORBALI",
            "URLA"
    };
            //30 ilçenin 30 ilçeye uzaklığı matrixi
            double[,] districtdistanceMatrix = {
    { 0, 90.62010846999999, 124.37993493, 55.063957609999996, 47.33268555, 187.9057912, 60.886159989999996, 76.32388493, 59.62335529, 40.66317054, 79.89328531, 107.13669319, 83.29915706999999, 181.99003256, 50.295200210000004, 79.18384399, 63.7969012, 63.49443205, 188.60054317, 95.76637661, 25.81469679, 95.79714647, 126.75365525000001, 128.83688235000002, 99.6847345, 137.55889965, 119.02083056, 165.00235762, 40.553906839999996, 160.16993926 },
    { 90.62010846999999, 0, 74.53056735, 36.88568374, 137.95279402, 138.05642361, 34.262539970000006, 14.296223540000002, 150.24346376, 96.53481716, 10.72682316, 16.51658472, 14.28978948, 91.36992409, 41.65444114, 49.880702539999994, 154.41700967, 16.41910417, 138.75117559, 45.91700902, 64.80541167000001, 5.177038, 36.133546779999996, 78.98751476, 49.83536692, 87.70953206, 28.400722090000002, 74.38224916, 46.26772331, 110.32057166999999 },
    { 124.37993493, 74.53056735, 0, 70.64551021, 171.71262049, 63.52585627, 68.02236644, 60.23434381, 184.00329023, 130.29464363, 63.803744189999996, 91.04715206, 67.20961595, 165.90049144, 75.41426759999999, 60.252069590000005, 188.17683613999998, 69.33893064, 64.22060824, 58.38326577, 98.56523814, 79.70760535, 110.66411413, 58.492615730000004, 29.34046788, 18.109396320000002, 102.93128943, 148.9128165, 80.02754977000001, 35.79000432 },
    { 55.063957609999996, 36.88568374, 70.64551021, 0, 102.39664316000001, 134.17136647, 7.15173526, 22.5894602, 114.6873129, 60.9786663, 26.15886058, 53.40226846, 10.55978912, 128.25560782999997, 4.7687574, 25.44941926, 118.86085881, 8.430474440000001, 134.86611845, 42.03195188, 29.24926082, 42.06272174, 73.01923052, 75.10245762000001, 45.95030978, 83.82447492, 65.28640583, 111.26793289999999, 10.71157245, 106.43551453 },
    { 47.33268555, 137.95279402, 171.71262049, 102.39664316000001, 0, 235.23847676000003, 108.21884555, 123.65657048, 29.64652934, 87.9958561, 127.22597085999999, 154.46937874, 130.63184263, 229.32271811, 97.62788576, 126.51652954999999, 19.16663329, 110.82711760000001, 235.93322873, 143.09906216, 73.14738235, 143.12983203, 174.0863408, 176.1695679, 147.01742006, 184.8915852, 166.35351611, 212.33504318, 87.88659239, 207.50262481000001 },
    { 187.9057912, 138.05642361, 63.52585627, 134.17136647, 235.23847676000003, 0, 131.5482227, 123.76020008, 247.52914649, 193.82049990000002, 127.32960045, 154.57300833, 130.73547222, 229.42634771, 138.94012387, 123.77792585, 210.48011813, 132.8647869, 22.86245531, 121.90912204, 162.09109441, 143.23346161999999, 174.1899704, 101.80245607, 92.86632415, 62.14262049, 166.45714569999998, 212.43867277, 143.55340604, 27.73585194 },
    { 60.886159989999996, 34.262539970000006, 68.02236644, 7.15173526, 108.21884555, 131.5482227, 0, 19.96631643, 120.50951528, 66.80086869, 23.53571681, 50.779124689999996, 26.94158857, 125.63246406, 11.92049266, 19.212667449999998, 124.68306119, 12.757355330000001, 132.24297468, 39.40880811, 35.0714632, 39.43957797, 70.39608675, 72.47931385, 43.32716601, 81.20133115, 62.66326206, 108.64478912, 16.53377483, 103.81237076 },
    { 76.32388493, 14.296223540000002, 60.23434381, 22.5894602, 123.65657048, 123.76020008, 19.96631643, 0, 135.94724022, 82.23859362, 3.56940038, 30.81280826, 6.97527214, 105.66614763, 27.3582176, 35.584479, 140.12078613, 9.10458683, 124.45495204999999, 31.62078548, 50.50918814, 19.47326154, 50.429770319999996, 64.69129122, 35.53914338, 73.41330852, 42.69694563, 88.67847268999999, 31.971499769999998, 96.02434812999999 },
    { 59.62335529, 150.24346376, 184.00329023, 114.6873129, 29.64652934, 247.52914649, 120.50951528, 135.94724022, 0, 100.28652584000001, 139.51664060000002, 166.76004848, 142.92251237000002, 241.61338785, 109.9185555, 138.80719928, 46.11074499, 123.11778733999999, 248.22389847000002, 155.38973190000002, 85.43805208, 155.42050176, 186.37701054000001, 188.46023763999997, 159.3080898, 197.18225494, 178.64418585, 224.62571291999998, 100.17726213, 219.79329455 },
    { 40.66317054, 96.53481716, 130.29464363, 60.9786663, 87.9958561, 193.82049990000002, 66.80086869, 82.23859362, 100.28652584000001, 0, 85.80799400000001, 113.05140188, 89.21386577000001, 187.90474125999998, 56.209908909999996, 85.09855269, 104.46007175, 69.40914074999999, 194.51525187, 101.68108531, 47.129447709999994, 101.71185516999999, 132.66836394999999, 134.75159105, 105.5994432, 143.47360834, 124.93553925, 170.91706632, 47.62525634, 166.08464795 },
    { 79.89328531, 10.72682316, 63.803744189999996, 26.15886058, 127.22597085999999, 127.32960045, 23.53571681, 3.56940038, 139.51664060000002, 85.80799400000001, 0, 27.24340788, 3.56296632, 102.09674724999999, 30.92761798, 39.15387938, 143.69018651, 5.692281009999999, 128.02435243000002, 35.19018586, 54.078588509999996, 15.90386116, 46.860369940000005, 68.2606916, 39.10854375, 76.98270889999999, 39.12754525, 85.10907232, 35.54090015, 99.59374851 },
    { 107.13669319, 16.51658472, 91.04715206, 53.40226846, 154.46937874, 154.57300833, 50.779124689999996, 30.81280826, 166.76004848, 113.05140188, 27.24340788, 0, 30.8063742, 75.66411529, 58.17102586, 66.39728726, 170.93359439, 32.93568889, 155.2677603, 62.43359374, 81.32199639, 13.5028646, 19.616962060000002, 95.50409948000001, 66.35195163, 104.22611678, 12.69491328, 58.67644035, 62.78430803, 126.83715639 },
    { 83.29915706999999, 14.28978948, 67.20961595, 10.55978912, 130.63184263, 130.73547222, 26.94158857, 6.97527214, 142.92251237000002, 89.21386577000001, 3.56296632, 30.8063742, 0, 105.65971358, 15.32854652, 42.55975115, 147.09605827000001, 2.12931468, 131.43022419000002, 38.59605763, 57.48446028,  19.46682749, 50.42333627, 71.66656337, 42.51441552, 80.38858065999999, 42.69051157, 88.67203864, 38.94677191, 102.99962028 },
    { 181.99003256, 91.36992409, 165.90049144, 128.25560782999997, 229.32271811, 229.42634771, 125.63246406, 105.66614763, 241.61338785, 187.90474125999998, 102.09674724999999, 75.66411529, 105.65971358, 0, 133.02436523, 141.25062663, 245.78693376, 107.78902826, 230.12109968000001, 137.28693311, 156.17533577, 88.35620398, 95.28107735, 170.35743886, 141.20529101, 179.07945615, 62.969202, 87.13232506, 137.6376474, 201.69049576 },
    { 50.295200210000004, 41.65444114, 75.41426759999999, 4.7687574, 97.62788576, 138.94012387, 11.92049266, 27.3582176, 109.9185555, 56.209908909999996, 30.92761798, 58.17102586, 15.32854652, 133.02436523, 0, 30.21817666, 114.09210141, 13.19923184, 139.63487585000001, 46.80070928, 24.480503419999998, 46.83147914, 77.78798791999999, 79.87121502000001, 50.71906717, 88.59323232, 70.05516322999999, 116.03669029000001, 5.94281505, 111.20427193 },
    { 79.18384399, 49.880702539999994, 60.252069590000005, 25.44941926, 126.51652954999999, 123.77792585, 19.212667449999998, 35.584479, 138.80719928, 85.09855269, 39.15387938, 66.39728726, 42.55975115, 141.25062663, 30.21817666, 0, 142.98074519000002, 31.05503933, 124.47267783, 55.02697068, 53.3691472, 55.05774054, 86.01424932, 64.709017, 35.556869150000004, 73.4310343, 78.28142463, 124.2629517, 34.83145883, 96.04207391 },
